wav_001,192 755 662 192 678 476 662 408 690 2 125 610 662 220 640 125 662 179 192 661 123 662
wav_002,691 496 662 566 551 125 179 101 662 334 724 662 758 398 15 662 192 375 502 62 661 123 662
wav_003,408 690 2 662 705 425 662 592 662 519 662 749 784 662 518 342 446 662 739 276 620 428 661 662
wav_004,534 464 619 625 662 192 276 425 662 690 784 101 662 534 464 125 662 622 662 469 662 99 145 15 662 62 294 375 662 502 62 661 123 662
wav_005,652 384 705 784 662 334 305 662 380 412 610 662 749 62 661 123 662
wav_006,106 428 662 749 398 64 662 334 563 412 610 662 746 446 807 130 662 509 251 192 662 749 62 661 123 662
wav_007,384 638 610 533 788 326 784 662 334 305 201 662 749 62 661 123 662
wav_008,354 399 502 784 662 294 179 662 788 326 727 662 739 276 620 428 661 662
wav_009,573 763 304 662 788 326 192 662 660 623 62 662 502 62 661 123 662
wav_010,384 638 610 533 784 662 788 326 662 243 243 662 749 334 661 123 662
wav_011,566 610 304 662 509 251 625 784 662 220 630 610 662 749 62 661 123 662
wav_012,652 384 705 727 662 746 425 662 684 71 101 662 64 509 251 192 662 749 62 661 123 662
wav_013,384 638 610 533 784 662 111 15 179 662 122 425 662 669 563 662 567 662 334 305 662 567 662 749 334 661 123 662
wav_014,384 638 610 533 641 662 788 326 412 610 662 734 59 598 661 662
wav_015,400 624 625 784 662 508 651 662 622 785 155 678 408 662 620 401 192 662 192 486 130 192 661 123 662
wav_016,574 268 625 662 620 401 662 622 662 785 155 678 408 662 192 486 130 192 661 123 662
wav_017,508 651 662 620 401 662 785 155 610 662 421 15 662 749 62 661 123 662
wav_018,400 624 610 683 662 620 122 610 683 662 620 401 785 155 610 662 692 274 661 123 662
wav_019,408 59 662 620 401 690 404 662 622 662 785 678 408 662 749 446 662 519 662 749 62 661 123 662
wav_020,274 366 753 662 574 268 625 662 622 785 155 662 620 401 662 192 486 130 192 661 123 662
wav_021,622 662 785 155 662 620 401 662 295 662 519 662 749 62 661 123 662
wav_022,620 401 784 662 622 785 678 408 662 295 662 519 662 749 334 661 123 662
wav_023,620 401 785 155 662 622 785 155 610 625 661 123 662
wav_024,620 401 784 662 622 785 155 678 408 662 192 486 130 192 661 123 662
wav_025,255 676 295 179 662 658 255 676 588 662 502 62 661 123 662
wav_026,255 676 662 295 179 662 496 171 610 662 334 741 201 662 502 62 661 123 662
wav_027,622 794 627 798 662 622 794 678 408 192 662 255 676 295 179 446 662 310 446 519 662 749 62 661 123 662
wav_028,255 676 295 179 662 496 171 71 662 220 630 179 192 661 123 662 622 662 794 678 408 662 179 192 661 123 662
wav_029,255 676 662 295 179 71 662 622 794 627 798 662 622 794 678 408 625 661 123 662
wav_030,245 143 662 295 179 292 662 255 676 662 295 179 662 601 636 502 62 661 123 662
wav_031,255 676 295 179 662 310 398 276 404 662 220 630 610 662 667 661 130 192 661 123 662
wav_032,255 676 662 295 179 610 662 192 486 130 662 785 155 610 662 749 62 661 123 662
wav_033,255 676 523 662 749 398 404 662 255 676 662 295 179 662 310 274 620 62 661 123 662
wav_034,425 207 255 676 179 101 662 421 15 662 255 676 295 179 610 662 502 784 201 662 749 62 661 123 662
wav_035,533 94 384 623 384 706 662 211 532 690 62 661 123 662
wav_036,130 655 706 625 662 4 566 662 192 486 130 192 661 123 662
wav_037,223 706 625 662 274 366 753 446 662 192 425 662 684 71 101 662 691 784 662 356 755 610 662 749 62 661 123 662
wav_038,214 297 214 624 625 662 211 532 690 62 661 123 662
wav_039,533 94 384 623 384 625 588 662 598 661 123 662
wav_040,323 686 662 551 624 625 588 662 211 532 690 62 661 123 662
wav_041,323 686 625 588 662 211 532 662 690 62 661 123 662
wav_042,759 155 706 588 662 755 566 598 661 123 662
wav_043,533 94 384 623 384 662 551 624 625 662 574 161 690 62 661 123 662
wav_044,223 706 625 662 211 532 690 62 661 123 662
wav_045,220 640 221 575 662 379 179 192 661 123 662
wav_046,274 366 753 610 662 331 619 598 749 784 662 221 575 662 610 494 610 662 662 334 608 201 662 502 62 661 123 662
wav_047,615 384 625 111 662 649 276 111 662 334 741 201 662 436 274 192 570 123 662
wav_048,436 274 192 784 468 610 662 334 654 408 662 621 428 376 138 662 739 276 620 428 661 662
wav_049,274 366 753 662 102 143 192 662 334 808 179 192 661 123 662
wav_050,111 174 658 662 331 145 125 625 111 662 192 678 476 662 424 625 662 749 62 661 123 662
wav_051,718 464 619 662 334 808 625 662 749 62 661 123 662
wav_052,86 603 610 683 662 192 678 476 662 102 143 625 662 749 62 661 123 662
wav_053,192 678 476 662 615 384 761 326 755 610 662 334 654 192 661 123 662
wav_054,510 2 662 705 425 662 192 276 425 662 690 784 101 662 620 617 625 662 510 2 125 610 662 749 62 661 123 662
wav_055,211 532 662 785 155 610 662 334 741 201 662 112 337 678 123 662
wav_056,620 122 625 662 211 532 598 661 123 662
wav_057,213 567 662 800 631 662 502 62 661 123 662
wav_058,800 631 662 660 623 62 662 103 276 661 123 662
wav_059,691 496 662 334 654 101 662 800 631 662 244 661 123 662
wav_060,455 151 534 662 412 334 592 662 621 94 662 749 62 661 123 662
wav_061,355 94 670 662 450 163 686 610 662 749 446 678 661 123 662
wav_062,659 192 662 758 662 621 94 662 450 163 662 416 678 661 123 662
wav_063,621 94 662 749 334 661 123 662
wav_064,783 423 686 610 662 749 446 678 661 662
wav_065,800 631 662 502 784 662 509 251 192 662 761 598 299 662 749 62 661 123 662
wav_066,355 259 575 71 662 334 741 201 662 436 446 662 519 662 749 570 123 662
wav_067,485 304 185 446 662 345 425 662 317 662 380 662 692 71 101 662 436 274 685 620 259 662 519 662 749 62 661 123 662
wav_068,437 755 259 625 662 652 602 143 727 662 345 425 95 784 101 662 130 469 662 436 274 685 620 428 661 249 662
wav_069,485 304 185 446 662 345 425 662 206 784 101 662 34 785 662 508 529 62 661 123 662
wav_070,609 524 588 662 800 631 610 662 192 486 130 192 661 123 662
wav_071,274 366 753 662 79 615 144 662 60 185 398 15 662 620 480 690 784 662 509 251 588 662 800 631 662 192 486 130 192 661 123 662
wav_072,113 503 662 800 631 662 192 486 130 192 661 123 662
wav_073,573 763 304 326 588 662 800 631 662 192 486 130 192 661 123 662
wav_074,192 755 662 497 610 662 800 631 502 784 662 609 4 71 662 220 630 179 192 661 123 662
wav_075,245 143 705 63 625 662 450 163 662 192 486 130 192 661 662 123 662
wav_076,274 496 461 662 662 487 192 664 610 683 662 250 533 662 171 513 662 502 570 123 662
wav_077,274 496 192 662 174 678 685 662 197 761 502 784 101 662 692 610 192 588 662 127 76 446 678 661 123 662
wav_078,274 610 192 662 746 446 662 609 524 519 588 662 749 62 661 123 662
wav_079,519 559 259 610 662 421 15 662 749 62 661 123 662
wav_080,274 496 461 662 609 524 192 662 421 15 662 749 62 661 123 662
wav_081,509 251 662 690 62 727 662 274 496 662 213 391 625 662 421 15 62 146 111 662 452 274 662 620 259 662 519 662 749 62 661 123 662
wav_082,274 496 662 519 32 662 233 191 690 276 784 101 662 37 567 476 662 575 662 813 519 662 749 62 661 123 662
wav_083,519 559 259 71 662 334 808 625 661 123 662
wav_084,669 563 662 424 398 15 662 610 510 295 662 380 179 192 661 123 662
wav_085,214 151 534 662 592 605 101 662 450 163 662 192 486 690 570 123 662
wav_086,649 624 662 574 268 662 675 785 625 662 450 163 662 192 486 130 192 661 123 662
wav_087,620 122 662 245 143 662 450 163 662 192 486 130 192 661 123 662
wav_088,34 785 662 610 469 620 662 624 661 624 662 214 455 785 390 662 621 94 749 62 661 123 662
wav_089,624 661 624 662 619 126 785 155 662 450 163 690 425 662 684 71 101 661 662
wav_090,610 469 662 140 661 624 662 214 455 785 625 662 450 163 662 192 486 130 192 661 123 662
wav_091,649 624 662 574 268 662 675 785 662 450 163 295 662 519 662 749 446 678 661 123 662
wav_092,552 785 625 662 192 276 425 662 690 784 101 662 192 486 130 192 661 123 662
wav_093,455 675 534 662 783 423 588 662 450 163 662 192 486 130 192 661 123 662
wav_094,795 407 4 446 662 690 276 425 690 784 101 662 622 662 621 94 678 408 662 192 486 130 192 661 123 662
wav_095,450 163 662 690 425 684 396 337 669 662
wav_096,518 480 662 250 755 662 450 163 690 276 425 662 690 784 101 661 662
wav_097,620 401 399 155 662 480 641 690 276 425 662 510 437 304 147 396 337 669 662
wav_098,450 163 662 168 233 662 633 480 625 662 510 437 304 147 396 337 669 662
wav_099,518 480 662 250 755 662 450 163 690 276 425 662 510 437 304 147 396 337 669 662
wav_100,649 624 662 450 163 690 425 684 334 661 662
